111026014,100019486,56,1,\N,10,2014-11-27,15
49529079,100019486,56,1,\N,9,2014-11-26,23
66038550,100019486,56,1,95rik04,24,2014-12-11,20
111026014,100019486,56,1,\N,10,2014-11-27,15
77127345,100030088,4677,1,\N,25,2014-12-12,15
95349583,100030088,4677,1,95f66e1,1,2014-11-18,21
77127345,100030088,4677,1,\N,25,2014-12-12,15
95349583,100030088,4677,1,95f66e7,1,2014-11-18,21
35421897,100030088,4677,1,9rdhqfh,7,2014-11-24,11
77127345,100030088,4677,1,\N,26,2014-12-13,14
77127345,100030088,4677,1,\N,26,2014-12-13,11
46057922,100030088,4677,1,99ct31b,20,2014-12-07,17
77127345,100030088,4677,1,\N,26,2014-12-13,11
77127345,100030088,4677,1,\N,28,2014-12-15,14
77127345,100030088,4677,3,\N,25,2014-12-12,21
35421897,100030088,4677,1,9rdhqdo,7,2014-11-24,11
77127345,100030088,4677,1,\N,25,2014-12-12,15
77127345,100030088,4677,1,\N,28,2014-12-15,14
77127345,100030088,4677,1,\N,25,2014-12-12,21
77127345,100030088,4677,1,\N,25,2014-12-12,15
35421897,100030088,4677,3,9rdhqfp,7,2014-11-24,11
43924018,10003357,6526,1,\N,25,2014-12-12,08
43924018,10003357,6526,1,\N,25,2014-12-12,08
43924018,10003357,6526,1,\N,25,2014-12-12,08
116843445,100044989,4533,1,955ktb6,28,2014-12-15,23
116843445,100044989,4533,1,955ktb9,28,2014-12-15,23
112526807,100044989,4533,1,\N,28,2014-12-15,00
70937483,100044989,4533,1,\N,29,2014-12-16,20
112526807,100044989,4533,1,\N,28,2014-12-15,00
112526807,100044989,4533,1,\N,28,2014-12-15,00
116843445,100044989,4533,1,955ktc0,28,2014-12-15,23
65848742,100134761,11991,1,9rg6af7,9,2014-11-26,11
102044516,100134761,11991,1,\N,3,2014-11-20,22
128708965,100134761,11991,1,99nfqr5,15,2014-12-02,22
110684281,100134761,11991,1,\N,10,2014-11-27,16
65848742,100134761,11991,1,9rg6btj,9,2014-11-26,11
110684281,100134761,11991,1,\N,10,2014-11-27,16
32159149,100134761,11991,1,\N,25,2014-12-12,17
102044516,100134761,11991,1,\N,3,2014-11-20,22
128708965,100134761,11991,1,99nfqrj,15,2014-12-02,22
30423348,100169384,7572,1,\N,9,2014-11-26,23
34014791,100200470,4245,1,9rdmu1b,20,2014-12-07,21
34014791,100200470,4245,1,9rdmu1r,20,2014-12-07,21
34014791,100200470,4245,1,9rdmu1d,20,2014-12-07,21
34014791,100200470,4245,1,\N,17,2014-12-04,02
34014791,100200470,4245,1,9rdmu2w,20,2014-12-07,21
11105410,100200470,4245,1,\N,2,2014-11-19,02
11105410,100200470,4245,1,\N,2,2014-11-19,02
11105410,100200470,4245,1,\N,2,2014-11-19,02
34014791,100200470,4245,1,\N,17,2014-12-04,02