4 99512554 191 1 0 2 
4 9909811 168 0 15 3 
4 98692568 300 0 9 10 
4 96089426 377 1 22 16 
4 90795949 1513 80 27 10 
4 96363456 191 0 1 1 
4 95993830 459 13 3 2 
4 95591350 626 9 2 1 
4 96927552 2282 339 3 1 
4 100699909 140 6 13 0 
4 102700496 4 0 0 1 
4 10461291 443 0 2 1 
4 100014756 624 2 26 5 
4 105181314 251 13 0 2 
4 100268421 253 1 5 1 
4 100310674 45 0 0 0 
4 105267575 795 5 21 2 
4 103299356 2508 22 204 6 
4 109802727 697 0 45 9 
4 124053750 86 12 0 0 
4 101821448 518 37 25 2 
4 12633543 81 0 0 5 
4 109059613 195 0 6 3 
4 126958109 63 1 6 1 
4 102696987 322 1 2 6 
4 134450458 850 1 11 6 
4 100739273 224 13 1 2 
4 108423858 228 1 0 4 
