1 1 12626 5633 3265 2261 1576 2735 4900 7940 9650 11676 15089 15394 15962 16637 16150 15524 14398 13551 14681 20946 24539 30925 30394 24895 
1 2 12848 5496 4645 2291 2035 1960 5037 6856 10936 13477 15813 13894 15882 17692 17187 16588 15365 12998 14415 21357 25398 32873 31850 23460 
1 3 12584 6898 3686 2900 2013 2920 5403 7458 9829 12060 15840 13534 14988 19732 17324 15820 14661 13442 14263 20282 26209 31598 28431 22997 
1 4 13062 5636 4203 3139 2619 2265 5464 8040 11416 11997 14972 15134 14623 16329 16239 16196 17073 13781 14090 19830 24359 25751 25869 22264 
1 5 14455 7430 4052 2655 2392 2963 5527 9568 13925 14165 13733 13966 13115 14164 16876 18261 16476 14339 16075 20848 26547 30340 31180 24312 
1 6 14658 7541 3822 2294 1893 2464 4996 9873 12996 15061 16524 15234 15933 17544 16569 16836 17330 15523 16555 23753 28515 30620 31547 23950 
1 7 14305 6945 4370 2621 2185 2622 4835 8345 10227 13209 15238 15491 17745 19795 16868 17480 17630 15404 16686 20374 26441 30380 31620 24641 
1 8 13579 4712 3665 2873 2313 3231 5961 8263 9611 11990 16078 14663 16321 18252 16958 17423 15802 13487 14946 21392 26254 30230 30705 23459 
1 9 14397 8056 4153 3039 2468 2631 4917 7907 9292 12188 15407 14914 15700 17443 14884 17099 14874 14360 15524 19203 23794 30000 30281 23794 
1 10 12918 6115 4067 3798 2550 2657 5317 8181 9454 12741 15025 14542 16562 17710 16202 17059 15628 13794 15363 21661 27005 29663 31245 23347 
1 11 13493 7268 4364 3363 2205 2547 5467 7718 10661 11947 16001 15130 15422 15713 14943 15161 14684 12932 13554 18879 24009 27477 27886 22497 
1 12 14632 8430 4154 2551 2225 2664 4865 8332 11756 13094 15198 14483 14079 16435 16531 17861 16149 14536 15956 20761 27733 29355 29724 24007 
1 13 15969 7784 4755 3171 2193 2908 4390 9003 11826 15679 16700 14742 15140 15447 15544 17079 17387 15981 16783 23047 28370 32955 32478 25162 
1 14 14562 8078 5389 3308 2323 2397 4279 7818 9117 13349 16754 18125 17107 18517 17400 16685 17024 15835 16790 21655 28644 36631 33551 26061 
1 15 14322 7481 4977 2483 2397 2618 5374 7764 11304 13233 16757 15158 16449 18003 17782 17138 16054 15851 17089 23664 30734 36327 35356 26284 
1 16 13043 6459 3878 2916 2200 2740 4560 8093 11585 16021 16895 17135 20171 20132 19104 18906 17226 15802 18711 24599 32600 35009 35657 24807 
1 17 13418 7457 4046 2422 2053 2015 4697 8127 10787 14418 16477 17190 16005 18554 16695 16823 16847 16570 17568 23625 28082 33916 33182 24233 
1 18 13418 7869 3733 3166 2402 2900 5388 7147 10342 13430 16083 14961 16231 18521 16537 16761 15848 14729 14584 19799 25722 30227 29886 24789 
1 19 15120 7070 4316 2226 2134 3088 4049 8893 12426 13271 15849 15536 14515 15696 18196 18228 17909 17287 16982 22087 28870 31717 33100 29153 
1 20 17093 8432 3857 3110 2725 2516 4393 9732 14973 17558 18154 16971 14698 18471 17943 17846 18925 16926 18232 23212 30332 36103 33587 25521 
1 21 14922 7075 4198 3388 1934 2282 4883 7298 10960 14186 17035 15218 15574 18129 16848 17722 17888 15783 17013 22042 30270 37503 35183 26921 
1 22 15828 6516 3618 3253 2300 2575 5139 8395 10842 15472 18844 16228 18724 18403 18462 19248 19103 16058 17686 22607 30273 34358 34909 26047 
1 23 15804 8078 4626 2492 1914 2857 4460 7955 11393 14279 18344 16549 17866 18732 19424 18425 18304 16004 18899 24531 30465 34982 37250 28891 
1 24 17405 8190 4861 3502 2505 2387 4924 8770 12427 17542 19008 18196 20817 22513 21252 21974 20479 18419 19505 28667 36459 49316 51971 43143 
1 25 44940 20538 11055 7975 7049 6892 11429 18856 25878 29588 31334 28524 29337 32626 27987 27620 27464 24498 24758 30565 42664 50167 49788 44128 
1 26 22495 9206 5342 3818 3312 2167 5037 10483 15206 16050 17712 16258 15827 16523 16650 16734 17142 16829 17028 22872 28762 32800 31450 26560 
1 27 16244 8634 4618 3166 2696 2358 4735 9887 13539 15197 16017 15040 16793 17267 20301 18010 17551 17022 17891 23946 29840 34795 32810 27038 
1 28 14634 5774 4012 2914 2023 2152 3915 7903 10783 14723 16409 17034 17494 19760 20196 19188 18564 16916 18740 25109 29818 35875 33954 26964 
1 29 16325 8753 5445 3270 2880 2900 4795 7825 11222 14348 17533 17192 17076 20564 18957 19143 17676 16696 19158 24083 28994 34020 32727 25898 
1 30 12639 6537 4022 2421 1889 2593 4844 8297 13608 13322 15746 15444 15289 18469 17543 19401 18829 15337 17981 22580 29681 32278 34314 24343 
1 31 12947 6515 3185 3145 2185 2234 4431 8815 11236 13269 14324 16083 15995 17620 16470 17167 16115 15604 17068 22166 27729 32705 33186 24128 
2 1 299 120 76 59 33 46 119 174 206 255 354 386 347 322 313 307 250 225 283 337 402 606 550 496 
2 2 292 121 185 90 102 19 103 135 244 279 378 325 317 425 378 313 339 265 311 411 433 547 673 587 
2 3 271 139 95 66 50 62 93 126 219 340 332 264 232 359 342 282 286 370 222 389 406 470 492 411 
2 4 375 141 71 119 67 41 147 142 190 240 330 304 379 313 395 374 370 275 260 382 547 437 535 603 
2 5 337 150 82 99 65 55 82 193 333 401 282 310 230 252 266 346 377 287 254 386 498 524 601 506 
2 6 304 155 99 42 44 42 90 252 290 265 317 355 392 314 265 274 320 359 407 385 510 529 641 497 
2 7 370 139 56 69 57 68 107 155 163 256 330 281 304 393 322 278 359 292 244 303 460 566 709 553 
2 8 433 103 68 92 37 67 113 175 170 233 282 298 336 339 411 358 314 227 267 428 474 572 594 540 
2 9 486 198 108 60 75 58 120 229 176 235 309 330 239 333 304 305 343 382 276 412 499 678 586 492 
2 10 333 144 175 224 56 64 94 164 246 200 247 259 276 333 266 259 496 396 227 362 509 638 645 519 
2 11 352 137 88 71 98 50 147 119 193 309 324 369 255 357 314 354 317 284 268 281 409 411 469 585 
2 12 374 274 95 53 46 104 123 184 254 274 312 237 307 384 261 323 383 291 259 371 511 498 681 553 
2 13 443 176 78 86 54 85 70 208 286 317 331 312 336 294 318 307 284 331 310 458 704 603 553 452 
2 14 319 195 224 83 68 87 97 188 190 293 449 720 333 433 302 305 343 362 291 364 515 745 402 130 
2 15 271 159 90 44 39 61 161 202 224 249 334 307 391 309 357 372 276 300 333 463 696 678 838 562 
2 16 371 296 114 121 81 41 91 175 309 337 306 359 400 369 369 370 300 257 367 505 594 611 780 655 
2 17 294 227 123 78 37 32 89 210 243 305 365 339 266 366 309 400 324 370 330 412 509 706 739 520 
2 18 271 189 86 107 42 67 125 150 190 260 360 333 337 267 365 325 316 315 275 401 456 631 610 488 
2 19 292 165 101 60 48 79 64 215 249 243 421 410 301 301 409 413 333 346 341 406 501 622 550 622 
2 20 399 181 74 69 44 58 96 247 377 434 378 316 303 316 337 385 357 287 364 368 541 747 728 536 
2 21 348 152 106 65 34 48 82 119 275 265 396 324 300 435 413 418 403 365 370 455 700 671 668 573 
2 22 397 170 67 45 52 41 106 190 255 298 383 285 422 374 330 467 399 326 359 435 541 660 728 631 
2 23 533 220 71 57 52 70 56 153 307 289 322 289 336 394 364 360 395 319 315 453 587 644 665 644 
2 24 338 186 110 68 108 36 82 148 229 350 353 338 467 455 440 425 388 339 345 589 680 715 819 687 
2 25 684 289 197 131 75 119 138 237 327 413 484 475 424 483 414 391 441 375 364 591 678 859 873 861 
2 26 607 182 92 89 68 15 83 153 283 293 320 279 423 368 298 329 294 268 362 435 544 624 492 678 
2 27 300 146 85 99 84 74 134 228 367 348 333 356 287 376 498 367 346 451 329 459 461 584 540 603 
2 28 239 110 97 99 79 47 77 180 211 276 308 362 320 397 441 415 432 311 371 375 570 720 807 491 
2 29 388 200 105 105 72 91 156 207 229 279 385 355 324 435 368 379 393 318 313 425 514 663 579 630 
2 30 358 227 55 22 44 71 111 206 286 259 312 324 292 424 385 380 356 325 379 498 540 629 676 592 
2 31 271 104 94 91 20 24 82 237 243 232 233 301 377 474 320 298 264 275 309 392 502 557 579 505 
3 1 329 104 64 45 27 65 121 178 233 402 414 484 404 436 498 505 384 448 496 518 575 847 915 853 
3 2 402 123 86 45 67 47 166 171 249 399 517 396 489 527 572 559 519 388 392 740 805 1102 1102 848 
3 3 284 166 69 36 50 89 139 201 212 345 456 470 439 468 662 582 572 435 340 648 765 902 1039 640 
3 4 278 215 102 89 80 78 112 210 308 364 586 452 415 587 438 505 493 434 407 628 707 913 845 653 
3 5 396 170 115 94 97 64 134 260 369 373 461 412 391 400 545 620 502 525 453 501 692 906 1052 802 
3 6 408 259 130 45 47 47 94 268 366 507 581 470 507 556 484 553 625 545 479 685 846 919 991 800 
3 7 388 185 129 66 42 64 70 168 300 443 403 524 520 594 579 712 559 499 486 625 720 910 973 874 
3 8 371 135 48 55 43 65 158 251 309 348 452 440 438 630 572 511 495 414 434 672 779 887 914 863 
3 9 367 200 59 141 62 73 96 179 249 376 495 366 468 595 529 539 491 420 433 504 702 800 864 697 
3 10 336 150 88 124 82 47 158 211 195 320 412 402 546 557 484 551 514 424 467 538 750 825 1062 776 
3 11 329 175 89 77 31 57 103 235 274 346 484 460 436 596 479 434 447 401 409 580 752 784 828 696 
3 12 340 224 131 57 54 110 144 180 390 368 446 398 357 567 541 664 497 426 473 637 827 890 923 865 
3 13 439 240 164 96 60 65 138 194 263 493 545 445 602 413 415 496 587 507 593 549 760 879 1064 858 
3 14 370 227 183 100 72 91 147 203 187 420 607 562 602 769 552 543 600 505 485 662 879 1304 1130 977 
3 15 384 161 148 49 132 67 121 248 442 414 568 439 480 581 596 579 521 482 555 684 915 1210 1069 1018 
3 16 318 186 92 97 90 106 148 221 385 625 626 595 675 744 599 627 552 625 602 750 1026 1032 974 958 
3 17 456 157 86 73 62 63 151 199 251 363 584 601 519 639 615 650 622 532 569 771 833 1071 1173 910 
3 18 332 233 94 92 120 143 128 153 270 519 606 528 503 701 564 663 528 461 407 532 783 911 1032 812 
3 19 360 184 108 80 74 89 140 242 357 406 529 487 451 473 570 558 626 542 476 636 883 899 1122 1175 
3 20 538 217 107 98 83 82 171 264 431 574 603 532 468 744 564 629 722 498 536 690 922 1133 1079 845 
3 21 388 193 109 81 46 65 156 184 279 488 597 525 509 585 642 555 544 451 513 611 919 1214 1236 874 
3 22 523 205 82 93 111 114 149 332 325 512 588 568 498 542 591 675 614 558 521 847 928 1042 1269 962 
3 23 432 196 143 77 39 48 133 229 272 472 724 508 560 592 618 549 695 502 628 731 1011 1045 1266 1099 
3 24 463 243 117 80 66 72 169 204 307 621 599 641 605 755 702 636 671 565 613 944 1247 1655 2144 1901 
3 25 2306 768 382 290 311 350 381 764 911 1127 1280 1099 1126 1212 1068 1160 1072 925 726 996 1488 1670 1654 1974 
3 26 565 200 116 64 97 50 117 233 378 428 635 405 487 458 497 499 462 465 441 644 763 892 934 811 
3 27 344 223 131 76 42 38 133 187 351 382 550 417 494 557 551 591 540 475 486 702 862 1043 1016 806 
3 28 324 111 94 84 58 46 135 179 233 349 521 495 578 643 499 530 493 401 488 702 994 981 973 787 
3 29 408 181 116 89 39 62 106 224 256 360 507 637 555 771 560 475 507 425 470 651 984 942 1035 955 
3 30 318 191 131 72 40 52 109 156 364 361 464 665 457 531 501 538 571 504 478 583 818 925 978 820 
3 31 259 207 61 83 76 136 132 231 311 409 461 503 439 511 499 532 450 452 520 680 826 856 945 697 
4 1 92 18 13 16 4 25 32 73 152 183 229 212 185 202 179 186 183 172 179 219 240 237 231 
4 2 99 27 19 4 7 11 23 54 74 152 282 197 270 267 213 231 185 116 128 172 233 226 260 161 
4 3 77 29 11 9 15 14 42 64 56 124 198 180 180 217 255 218 222 186 121 216 240 263 200 157 
4 4 80 35 18 22 16 9 23 31 79 151 256 216 213 253 192 244 217 151 111 163 265 231 210 126 
4 5 74 54 18 18 8 23 27 52 118 123 154 182 161 200 199 209 169 249 128 215 197 225 311 228 
4 6 106 44 19 7 13 19 37 28 121 132 179 217 192 218 217 158 215 183 137 300 226 244 273 175 
4 7 99 39 8 10 6 9 29 33 88 190 228 274 198 230 203 294 226 141 170 231 249 295 213 210 
4 8 72 29 9 9 5 17 31 43 72 185 210 228 197 252 276 187 193 160 171 230 159 286 287 205 
4 9 83 51 14 11 14 10 20 32 78 179 218 197 214 209 291 289 215 172 148 163 231 238 209 156 
4 10 83 18 7 38 6 27 32 43 63 144 266 219 267 225 237 294 213 211 179 190 220 267 240 219 
4 11 99 31 18 18 8 12 14 53 70 147 235 218 225 224 196 205 139 158 115 177 265 320 238 118 
4 12 79 56 22 8 33 9 18 46 82 161 167 175 190 229 235 224 201 140 126 280 208 243 177 209 
4 13 287 36 23 19 12 6 12 38 90 152 151 152 209 182 175 221 208 161 183 172 210 317 221 160 
4 14 86 22 23 11 15 11 24 44 45 134 228 248 189 282 249 239 210 187 160 198 249 267 283 178 
4 15 58 37 38 10 10 7 25 45 143 178 259 219 231 253 206 227 213 145 137 241 247 269 339 218 
4 16 80 30 13 17 13 9 29 66 70 156 247 233 245 287 258 236 256 206 187 198 267 286 205 156 
4 17 103 42 36 21 13 9 24 37 86 174 225 221 222 291 219 253 262 178 168 227 268 256 270 203 
4 18 59 34 22 5 15 9 11 31 91 112 219 194 160 282 223 220 243 152 168 167 211 211 214 185 
4 19 54 29 14 11 6 4 14 22 74 125 226 182 185 147 203 172 193 213 127 179 222 245 267 189 
4 20 71 34 9 9 7 6 19 46 88 156 233 247 184 218 231 240 233 190 137 185 238 320 255 236 
4 21 94 23 25 12 10 6 28 33 52 178 197 237 254 204 223 162 263 152 134 159 234 282 269 154 
4 22 106 34 12 18 10 12 31 49 69 131 265 222 182 218 225 214 210 159 138 160 225 240 214 216 
4 23 63 27 29 6 55 14 16 31 57 119 213 150 167 220 153 200 232 153 175 173 284 223 215 209 
4 24 110 28 34 6 11 5 27 43 88 125 215 211 214 253 210 224 193 171 130 238 257 229 273 140 
4 25 2090 494 221 121 106 153 249 421 614 927 829 721 705 704 576 632 561 556 372 552 730 876 842 1097 
4 26 223 75 64 16 10 10 36 56 73 109 244 213 164 183 188 188 141 182 195 206 274 249 251 169 
4 27 64 47 13 7 5 6 19 32 65 137 250 224 190 201 212 249 190 142 159 238 290 350 284 150 
4 28 72 27 21 18 8 8 18 32 80 154 224 239 275 227 265 240 225 151 151 223 270 316 297 209 
4 29 95 52 40 16 9 5 16 47 104 134 251 228 260 318 287 270 207 165 204 242 260 331 282 210 
4 30 111 50 25 11 13 14 33 45 94 172 199 281 292 225 228 241 255 163 182 215 258 296 280 184 
4 31 79 42 10 22 17 61 27 55 99 161 194 298 174 334 222 258 186 185 185 211 224 254 280 189 
